
From To   Route
---- ---- ------------------------------------------------------------------------------------------------------------------------------------------------------------------------------------------------------------------
1    33   2,1|2,2|3,2|4,2|5,2|6,2|7,2|8,2|8,3|8,4|7,4|6,4|5,4|4,4|4,5|4,6
109  126  22,12|21,12|20,12|19,12|18,12|18,13|18,14|18,15|18,16|18,17|18,18|17,18|16,18|16,17|16,16|16,15|16,14|15,14|14,14
109  22   22,12|22,11|22,10|21,10|20,10|20,9|20,8|21,8|22,8|22,7|22,6|21,6|20,6|20,5|20,4|20,3|20,2|19,2|18,2|18,3|18,4|18,5|18,6|17,6|16,6|15,6|14,6|14,5|14,4|13,4|12,4
109  191  22,12|22,13|22,14|22,15|22,16|21,16|20,16|20,17|20,18|20,19|20,20
119  126  6,14|7,14|8,14|8,15|8,16|9,16|10,16|10,15|10,14|11,14|12,14|13,14|14,14
119  33   6,14|6,13|6,12|5,12|4,12|4,13|4,14|3,14|2,14|2,13|2,12|2,11|2,10|3,10|4,10|5,10|6,10|6,9|6,8|5,8|4,8|4,7|4,6
119  186  6,14|6,15|6,16|5,16|4,16|3,16|2,16|2,17|2,18|3,18|4,18|4,19|4,20|3,20|2,20|2,21|2,22|3,22|4,22|5,22|6,22|6,21|6,20|7,20|8,20|8,19|8,18|9,18|10,18|10,19|10,20|10,21|10,22|11,22|12,22|12,21|12,20|13,20|14,20
126  119  14,14|13,14|12,14|11,14|10,14|10,15|10,16|9,16|8,16|8,15|8,14|7,14|6,14
126  109  14,14|15,14|16,14|16,15|16,16|16,17|16,18|17,18|18,18|18,17|18,16|18,15|18,14|18,13|18,12|19,12|20,12|21,12|22,12
126  22   14,14|14,13|14,12|13,12|12,12|12,11|12,10|13,10|14,10|15,10|16,10|17,10|18,10|18,9|18,8|17,8|16,8|15,8|14,8|13,8|12,8|12,7|12,6|12,5|12,4
126  186  14,14|14,15|14,16|13,16|12,16|12,17|12,18|13,18|14,18|14,19|14,20
186  119  14,20|13,20|12,20|12,21|12,22|11,22|10,22|10,21|10,20|10,19|10,18|9,18|8,18|8,19|8,20|7,20|6,20|6,21|6,22|5,22|4,22|3,22|2,22|2,21|2,20|3,20|4,20|4,19|4,18|3,18|2,18|2,17|2,16|3,16|4,16|5,16|6,16|6,15|6,14
186  191  14,20|15,20|16,20|16,21|16,22|17,22|18,22|18,21|18,20|19,20|20,20
186  126  14,20|14,19|14,18|13,18|12,18|12,17|12,16|13,16|14,16|14,15|14,14
191  186  20,20|19,20|18,20|18,21|18,22|17,22|16,22|16,21|16,20|15,20|14,20
191  109  20,20|20,19|20,18|20,17|20,16|21,16|22,16|22,15|22,14|22,13|22,12
191  213  20,20|20,21|20,22|21,22|22,22|22,23
22   33   12,4|11,4|10,4|10,5|10,6|10,7|10,8|10,9|10,10|10,11|10,12|9,12|8,12|8,11|8,10|8,9|8,8|8,7|8,6|7,6|6,6|5,6|4,6
22   109  12,4|13,4|14,4|14,5|14,6|15,6|16,6|17,6|18,6|18,5|18,4|18,3|18,2|19,2|20,2|20,3|20,4|20,5|20,6|21,6|22,6|22,7|22,8|21,8|20,8|20,9|20,10|21,10|22,10|22,11|22,12
22   126  12,4|12,5|12,6|12,7|12,8|13,8|14,8|15,8|16,8|17,8|18,8|18,9|18,10|17,10|16,10|15,10|14,10|13,10|12,10|12,11|12,12|13,12|14,12|14,13|14,14
33   22   4,6|5,6|6,6|7,6|8,6|8,7|8,8|8,9|8,10|8,11|8,12|9,12|10,12|10,11|10,10|10,9|10,8|10,7|10,6|10,5|10,4|11,4|12,4
33   1    4,6|4,5|4,4|5,4|6,4|7,4|8,4|8,3|8,2|7,2|6,2|5,2|4,2|3,2|2,2|2,1
33   119  4,6|4,7|4,8|5,8|6,8|6,9|6,10|5,10|4,10|3,10|2,10|2,11|2,12|2,13|2,14|3,14|4,14|4,13|4,12|5,12|6,12|6,13|6,14
